113.7570000000 107.0240000000 113.1520000000 117.5850000000 129.4340000000 134.2410000000 163.6240000000 195.3120000000 222.5150000000 274.2410000000 399.6110000000 462.9850000000
109.0940000000 104.2936000000 100.1160000000 105.9650000000 123.3150000000 117.4960000000 135.8360000000 158.6220000000 192.3430000000 213.1020000000 245.3970000000 324.9850000000
119.5340000000 95.9710000000 108.2850000000 105.3650000000 117.7140000000 118.1700000000 128.1470000000 115.1170000000 153.1330000000 174.2470000000 204.0650000000 219.4030000000
91.7793000000 101.2415000000 115.7160000000 106.4730000000 104.7420000000 108.6220000000 120.9050000000 133.5490000000 123.6200000000 138.9570000000 147.4570000000 176.8500000000
91.2057000000 77.7806000000 80.1248000000 91.5916000000 98.3434000000 96.1738000000 101.2740000000 105.2600000000 113.7360000000 117.5990000000 125.2070000000 131.4300000000
106.5290000000 75.8502000000 88.8136000000 90.6507000000 104.3700000000 110.6550000000 108.8340000000 133.7640000000 124.6820000000 125.9820000000 113.7500000000 110.9390000000
97.6560000000 74.7627000000 71.5640000000 83.6113000000 94.5663000000 86.9800000000 96.2103000000 102.6690000000 111.1920000000 116.5700000000 125.5410000000 111.6630000000
77.8878000000 97.9686000000 73.1750000000 108.0910000000 104.8400000000 95.7207000000 105.2790000000 93.6565000000 98.0627000000 102.4539000000 109.2160000000 107.6660000000
105.6490000000 78.6202000000 71.2746000000 94.9590000000 82.9952000000 82.8181000000 81.0092000000 86.9618000000 86.2129000000 91.1257000000 94.9137000000 96.7526000000
105.6234000000 74.3006000000 85.6704000000 91.3113000000 79.8719000000 75.6257000000 78.4396000000 84.7676000000 82.3163000000 84.0697000000 79.7300000000 89.2603000000
65.2424000000 70.5894000000 100.6369000000 79.7855000000 75.6482000000 73.3643000000 75.1114000000 77.4780000000 77.1275000000 81.5467000000 81.8028000000 85.4159000000
60.0124000000 69.0732000000 65.8200000000 66.8983000000 68.6050000000 69.3690000000 72.2691000000 72.6308000000 73.6997000000 75.5565000000 78.5456000000 76.9961000000