5.000000000000000000e+01 3.160000000000000000e+02 1.255000000000000071e+01 1.286999999999999922e+01 9.662999999999999368e-02 7.442000000000000004e-02
7.000000000000000000e+01 3.800000000000000000e+02 8.679999999999999716e+00 8.339999999999999858e+00 7.155999999999999861e-02 5.872000000000000136e-02
9.000000000000000000e+01 4.200000000000000000e+02 8.500000000000000000e+00 9.859999999999999432e+00 7.531000000000000194e-02 5.884999999999999953e-02
1.000000000000000000e+02 4.640000000000000000e+02 6.700000000000000178e+00 6.070000000000000284e+00 6.361999999999999600e-02 4.879700000000000010e-02
2.000000000000000000e+02 7.120000000000000000e+02 5.250000000000000000e+00 4.679999999999999716e+00 6.669999999999999540e-02 4.307632000000000128e-02
3.000000000000000000e+02 9.360000000000000000e+02 5.299999999999999822e+00 5.150000000000000355e+00 7.008999999999999952e-02 4.296342000000000216e-02
4.000000000000000000e+02 1.160000000000000000e+03 5.379999999999999893e+00 5.929999999999999716e+00 7.316999999999999893e-02 4.036246000000000278e-02
5.000000000000000000e+02 1.360000000000000000e+03 5.040000000000000036e+00 4.990000000000000213e+00 6.140999999999999931e-02 4.095209999999999823e-02
6.000000000000000000e+02 1.560000000000000000e+03 4.360000000000000320e+00 4.730000000000000426e+00 7.305999999999999994e-02 3.912631999999999916e-02
7.000000000000000000e+02 1.760000000000000000e+03 4.419999999999999929e+00 4.440000000000000391e+00 6.468999999999999750e-02 3.982375999999999971e-02
