5.000000000000000000e+01 2.660000000000000000e+02 1.605999999999999872e+01 1.535999999999999943e+01 1.112800000000000039e-01 8.391999999999999460e-02
7.000000000000000000e+01 3.100000000000000000e+02 1.067999999999999972e+01 1.081000000000000050e+01 8.247999999999999776e-02 6.908000000000000251e-02
9.000000000000000000e+01 3.300000000000000000e+02 1.060999999999999943e+01 1.021000000000000085e+01 7.849000000000000421e-02 6.257999999999999674e-02
1.000000000000000000e+02 3.640000000000000000e+02 8.669999999999999929e+00 8.019999999999999574e+00 6.844999999999999696e-02 5.575999999999999707e-02
2.000000000000000000e+02 5.120000000000000000e+02 6.240000000000000213e+00 6.200000000000000178e+00 6.435000000000000442e-02 4.667999999999999927e-02
3.000000000000000000e+02 6.360000000000000000e+02 6.110000000000000320e+00 6.219999999999999751e+00 7.932000000000000162e-02 4.494000000000000078e-02
4.000000000000000000e+02 7.600000000000000000e+02 5.209999999999999964e+00 5.809999999999999609e+00 7.312000000000000444e-02 4.259000000000000286e-02
5.000000000000000000e+02 8.600000000000000000e+02 4.820000000000000284e+00 5.139999999999999680e+00 7.445999999999999841e-02 4.234999999999999876e-02
6.000000000000000000e+02 9.600000000000000000e+02 4.780000000000000249e+00 4.910000000000000142e+00 6.153000000000000136e-02 4.091000000000000192e-02
7.000000000000000000e+02 1.060000000000000000e+03 5.129999999999999893e+00 5.120000000000000107e+00 6.515999999999999570e-02 4.139000000000000318e-02
